-9.26801e+192
99.8949
-1.46082e+39
-1.46082e+39
0
-7.30412e+38
-1.46082e+39
-1.46082e+39
-1.46082e+39
-1.46082e+39
-1.46082e+39
-9.26801e+192
-1.46082e+39
-9.26801e+192
-1.46082e+39
-1.46082e+39
-9.26801e+192
-1.46082e+39
-1.46082e+39
-1.46082e+39
-1.46082e+39
-1.46082e+39
-9.26801e+192
914.58
-1.46082e+39
-1.46082e+39
-9.26801e+192
-7.30412e+38
1213.98
1120.11
-1.46082e+39
-1.46082e+39
2.14748e+09
1457.96
-1.46082e+39
-1.46082e+39
-1.46082e+39
-9.26801e+192
-9.26801e+192
-1.46082e+39
-9.26801e+192
-1.46082e+39
3015
-1.46082e+39
-1.46082e+39
-1.46082e+39
-1.46082e+39
-1.46082e+39
-1.46082e+39
-1.46082e+39
803.363
-1.46082e+39
-9.26801e+192
-1.46082e+39
-1.46082e+39
-1.46082e+39
-7.30412e+38
-1.46082e+39
-1.46082e+39
-1.46082e+39
1004.57
2.14748e+09
1304.47
-9.26801e+192
-1.46082e+39
-9.26801e+192
-1.46082e+39
-1.46082e+39
-1.46082e+39
-1.46082e+39
1094.6
-1.46082e+39
-9.26801e+192
-7.30412e+38
1441.45
-7.30412e+38
-1.46082e+39
-1.46082e+39
-9.26801e+192
-1.46082e+39
-1.46082e+39
-1.46082e+39
1240.64
-1.46082e+39
-7.30412e+38
-1.46082e+39
-7.30412e+38
-1.46082e+39
-7.30412e+38
-1.46082e+39
-1.46082e+39
-1.46082e+39
-7.30412e+38
-7.30412e+38
-1.46082e+39
-1.46082e+39
-1.46082e+39
-9.26801e+192
-9.26801e+192
-1.46082e+39
-9.26801e+192
-1.46082e+39
-1.46082e+39
-1.46082e+39
-1.46082e+39
-9.26801e+192
-1.46082e+39
-1.46082e+39
-9.26801e+192
-1.46082e+39
723.821
1101.73
-1.46082e+39
-1.46082e+39
-1.46082e+39
-1.46082e+39
-1.46082e+39
-1.46082e+39
-1.46082e+39
-1.46082e+39
-1.46082e+39
-9.26801e+192
-1.46082e+39
-1.46082e+39
-1.46082e+39
-9.26801e+192
-1.46082e+39
-1.46082e+39
-1.46082e+39
-1.46082e+39
-1.46082e+39
-9.26801e+192
-1.46082e+39
-1.46082e+39
-1.46082e+39
-7.30412e+38
-1.46082e+39
-1.46082e+39
-1.46082e+39
-7.90797e+249
-7.30412e+38
-1.46082e+39
-1.46082e+39
-2.19124e+39
1567.77
575.756
-1.46082e+39
-1.46082e+39
-9.26801e+192
-1.46082e+39
-1.46082e+39
-1.46082e+39
-1.46082e+39
-1.46082e+39
-1.46082e+39
-1.46082e+39
-1.46082e+39
-1.46082e+39
-7.30412e+38
-1.46082e+39
-1.46082e+39
-1.46082e+39
-1.46082e+39
-9.26801e+192
-7.30412e+38
-9.26801e+192
-1.46082e+39
-1.46082e+39
-1.46082e+39
-1.46082e+39
-1.46082e+39
-1.46082e+39
-1.46082e+39
-1.46082e+39
-1.46082e+39
-1.46082e+39
-1.46082e+39
-1.46082e+39
1610.44
-9.26801e+192
-1.46082e+39
-1.46082e+39
-1.46082e+39
-1.46082e+39
-1.46082e+39
-1.46082e+39
-1.46082e+39
-1.46082e+39
-1.46082e+39
-1.46082e+39
-1.46082e+39
-7.30412e+38
-1.46082e+39
-1.46082e+39
-1.46082e+39
-1.46082e+39
-1.46082e+39
-7.30412e+38
-1.46082e+39
-1.46082e+39
-9.26801e+192
-1.46082e+39
-1.46082e+39
-1.46082e+39
-1.46082e+39
-1.46082e+39
-1.46082e+39
-1.46082e+39
-1.46082e+39
-1.46082e+39
-1.46082e+39
-1.46082e+39
-1.46082e+39
-1.46082e+39
-1.46082e+39
-1.46082e+39
-1.46082e+39
-1.46082e+39
-1.46082e+39
-1.46082e+39
-1.46082e+39
-1.46082e+39
-9.26801e+192
-1.46082e+39
-1.46082e+39
-1.46082e+39
-1.46082e+39
-1.46082e+39
-1.46082e+39
-1.46082e+39
-1.46082e+39
-1.46082e+39
-9.26801e+192
1479.63
-1.46082e+39
-1.46082e+39
-1.46082e+39
-1.46082e+39
-1.46082e+39
-9.26801e+192
-1.46082e+39
-1.46082e+39
-1.46082e+39
-1.46082e+39
-1.46082e+39
-1.46082e+39
-1.46082e+39
-1.46082e+39
-1.46082e+39
-1.46082e+39
-1.46082e+39
-9.26801e+192
-1.46082e+39
-1.46082e+39
-1.46082e+39
-1.46082e+39
-1.46082e+39
-1.46082e+39
576.865
-1.46082e+39
-1.46082e+39
-9.26801e+192
1484.32
-1.46082e+39
-1.46082e+39
-1.46082e+39
-1.46082e+39
-1.46082e+39
-1.46082e+39
-9.26801e+192
-1.46082e+39
-1.46082e+39
-1.46082e+39
-7.30412e+38
-1.46082e+39
-1.46082e+39
1149.73
-1.46082e+39
-9.26801e+192
-1.46082e+39
-1.46082e+39
-1.46082e+39
-1.46082e+39
-1.46082e+39
-1.46082e+39
-1.46082e+39
-1.46082e+39
-1.46082e+39
-1.46082e+39
-1.46082e+39
-1.46082e+39
-1.46082e+39
-1.46082e+39
-9.26801e+192
-1.46082e+39
-1.46082e+39
-1.46082e+39
-9.26801e+192
-1.46082e+39
-1.46082e+39
-1.46082e+39
-1.46082e+39
-1.46082e+39
-1.46082e+39
-7.30412e+38
-1.46082e+39
-1.46082e+39
-1.46082e+39
2.14748e+09
540.099
-1.46082e+39
-1.46082e+39
-1.46082e+39
256.278
-9.26801e+192
-1.46082e+39
-7.30412e+38
-1.46082e+39
550.241
-1.46082e+39
-1.46082e+39
-1.46082e+39
-1.46082e+39
-1.46082e+39
-7.30412e+38
-1.46082e+39
-1.46082e+39
-1.46082e+39
-1.46082e+39
-1.46082e+39
-1.46082e+39
-1.46082e+39
1022.35
-1.46082e+39
-1.46082e+39
-1.46082e+39
-1.46082e+39
-1.46082e+39
-9.26801e+192
-1.46082e+39
-1.46082e+39
-1.46082e+39
-1.46082e+39
-1.46082e+39
-1.46082e+39
1236.79
1169.08
-1.46082e+39
-7.30412e+38
-1.46082e+39
-1.46082e+39
-1.46082e+39
-1.46082e+39
-1.46082e+39
-9.26801e+192
-1.46082e+39
-1.46082e+39
-1.46082e+39
-1.46082e+39
-1.46082e+39
-1.46082e+39
527.92
-1.46082e+39
-1.46082e+39
-1.46082e+39
1194.97
-1.46082e+39
-7.30412e+38
-1.46082e+39
-9.26801e+192
876.934
1219.21
-1.46082e+39
-1.46082e+39
1329.53
-1.46082e+39
-1.46082e+39
-1.46082e+39
1107.41
-1.46082e+39
-1.46082e+39
-7.30412e+38
-1.46082e+39
-1.46082e+39
-1.46082e+39
-1.46082e+39
-1.46082e+39
-1.46082e+39
1074.19
-1.46082e+39
-1.46082e+39
-1.46082e+39
-1.46082e+39
-1.46082e+39
1165.39
-1.46082e+39
-1.46082e+39
-7.30412e+38
-1.46082e+39
1231.81
-1.46082e+39
-7.30412e+38
-1.46082e+39
-1.46082e+39
-1.46082e+39
-1.46082e+39
-1.46082e+39
-9.26801e+192
-1.46082e+39
-1.46082e+39
-1.46082e+39
-7.30412e+38
-1.46082e+39
-1.46082e+39
-7.30412e+38
-1.46082e+39
-1.46082e+39
-1.46082e+39
-7.30412e+38
-1.46082e+39
-1.46082e+39
-1.46082e+39
-1.46082e+39
1203.29
-1.46082e+39
-1.46082e+39
-1.46082e+39
-1.46082e+39
-1.46082e+39
-1.46082e+39
-1.46082e+39
-1.46082e+39
-1.46082e+39
1236.91
-1.46082e+39
-1.46082e+39
-1.46082e+39
-1.46082e+39
-1.46082e+39
-1.46082e+39
-1.46082e+39
-1.46082e+39
-1.46082e+39
-1.46082e+39
-1.46082e+39
-1.46082e+39
-1.46082e+39
-1.46082e+39
-1.46082e+39
-1.46082e+39
1168.55
-1.46082e+39
-1.46082e+39
-7.30412e+38
-1.46082e+39
-1.46082e+39
-1.46082e+39
-1.46082e+39
-1.46082e+39
-1.46082e+39
1573.74
1122.09
-7.30412e+38
1531.88
-1.46082e+39
-1.46082e+39
1547.79
-1.46082e+39
-1.46082e+39
-9.26801e+192
-1.46082e+39
-1.46082e+39
-1.46082e+39
-1.46082e+39
-7.30412e+38
-1.46082e+39
-1.46082e+39
-1.46082e+39
-1.46082e+39
-9.26801e+192
-1.46082e+39
-1.46082e+39
-1.46082e+39
-1.46082e+39
-1.46082e+39
-1.46082e+39
-1.46082e+39
-1.59673e+294
-1.46082e+39
-7.30412e+38
790.858
-7.30412e+38
-1.46082e+39
-1.46082e+39
-1.46082e+39
-1.46082e+39
-1.46082e+39
-1.46082e+39
-1.46082e+39
-1.46082e+39
-1.46082e+39
-1.46082e+39
-1.46082e+39
-1.46082e+39
-1.46082e+39
-1.46082e+39
-1.46082e+39
-1.46082e+39
-1.46082e+39
-1.46082e+39
-1.46082e+39
-1.46082e+39
-1.46082e+39
-1.46082e+39
-1.46082e+39
-1.46082e+39
-1.46082e+39
-1.46082e+39
-1.46082e+39
-1.46082e+39
-1.46082e+39
-1.46082e+39
1205.49
-1.46082e+39
-1.46082e+39
-1.46082e+39
-7.30412e+38
-1.46082e+39
1159.44
-7.30412e+38
-1.46082e+39
-7.30412e+38
-1.46082e+39
-1.46082e+39
-1.46082e+39
-1.46082e+39
-1.46082e+39
-1.46082e+39
-1.46082e+39
-1.46082e+39
-1.46082e+39
-1.46082e+39
-7.30412e+38
-1.46082e+39
-1.46082e+39
-1.46082e+39
-1.46082e+39
-1.46082e+39
-1.46082e+39
-1.46082e+39
-1.46082e+39
-1.46082e+39
-7.30412e+38
-1.46082e+39
-1.46082e+39
-1.46082e+39
-1.46082e+39
-1.46082e+39
-1.46082e+39
-1.46082e+39
-1.46082e+39
1512.43
1697.2
-1.46082e+39
-1.46082e+39
-1.46082e+39
-1.46082e+39
-1.46082e+39
-1.46082e+39
-1.46082e+39
-1.46082e+39
-1.46082e+39
147.739
-1.46082e+39
-1.46082e+39
-1.46082e+39
-1.46082e+39
-1.46082e+39
-7.30412e+38
-1.46082e+39
-1.46082e+39
-1.46082e+39
-1.46082e+39
-1.46082e+39
-1.46082e+39
-1.46082e+39
-9.26801e+192
-7.30412e+38
-1.46082e+39
-1.46082e+39
-1.46082e+39
-1.46082e+39
-1.46082e+39
-1.46082e+39
-1.46082e+39
-1.46082e+39
-1.46082e+39
1220.2
-1.46082e+39
-1.46082e+39
-1.46082e+39
-1.46082e+39
-1.46082e+39
-7.30412e+38
-1.46082e+39
-7.30412e+38
-1.46082e+39
-1.46082e+39
-1.46082e+39
-1.46082e+39
-1.46082e+39
-1.46082e+39
-1.46082e+39
-1.46082e+39
-1.46082e+39
-1.46082e+39
-1.46082e+39
-1.46082e+39
-1.46082e+39
-7.30412e+38
-1.46082e+39
-1.46082e+39
-1.46082e+39
567.166
-1.46082e+39
1007.25
-7.30412e+38
-1.46082e+39
-1.46082e+39
-1.46082e+39
-1.46082e+39
-1.46082e+39
-1.46082e+39
-1.46082e+39
-1.46082e+39
-7.30412e+38
-1.46082e+39
-1.46082e+39
-9.26801e+192
-1.46082e+39
-1.46082e+39
-1.46082e+39
-1.46082e+39
-1.46082e+39
-1.46082e+39
-1.46082e+39
-7.30412e+38
-1.46082e+39
-1.46082e+39
-1.46082e+39
-1.46082e+39
-1.46082e+39
-7.30412e+38
-7.30412e+38
-1.46082e+39
-1.46082e+39
-1.46082e+39
-1.46082e+39
-1.46082e+39
-7.30412e+38
-7.30412e+38
-1.46082e+39
1151.62
-1.46082e+39
-1.46082e+39
-1.46082e+39
-1.46082e+39
-1.46082e+39
-1.46082e+39
-7.30412e+38
-1.46082e+39
-1.46082e+39
-1.46082e+39
-1.46082e+39
-7.30412e+38
-1.46082e+39
-1.46082e+39
-1.46082e+39
-1.46082e+39
-7.30412e+38
-1.46082e+39
-1.46082e+39
-1.46082e+39
-1.46082e+39
1031.6
-1.46082e+39
-1.46082e+39
-1.46082e+39
-1.46082e+39
-1.46082e+39
-7.30412e+38
-1.46082e+39
-1.46082e+39
-1.46082e+39
-1.46082e+39
-1.46082e+39
-1.46082e+39
-1.46082e+39
-1.46082e+39
-1.46082e+39
-1.46082e+39
-1.46082e+39
-1.46082e+39
-7.30412e+38
-1.46082e+39
1236.86
-1.46082e+39
-1.46082e+39
-1.46082e+39
-1.46082e+39
-1.46082e+39
-1.46082e+39
-1.46082e+39
-1.46082e+39
-1.46082e+39
-1.46082e+39
-1.46082e+39
-1.46082e+39
-1.46082e+39
-1.46082e+39
-7.30412e+38
1213.03
-1.46082e+39
-1.46082e+39
-1.46082e+39
-1.46082e+39
-1.46082e+39
1166.76
-1.46082e+39
-1.46082e+39
-1.46082e+39
-1.46082e+39
-1.46082e+39
-1.46082e+39
766.73
-7.30412e+38
-1.46082e+39
-1.46082e+39
-1.46082e+39
-1.46082e+39
1212.78
-1.46082e+39
-1.46082e+39
-1.46082e+39
-1.46082e+39
-7.30412e+38
-1.46082e+39
-1.46082e+39
-1.46082e+39
-1.46082e+39
-1.46082e+39
-7.30412e+38
-1.46082e+39
-1.46082e+39
300.765
-1.46082e+39
-1.46082e+39
-1.46082e+39
-1.46082e+39
-7.30412e+38
1046.95
-1.46082e+39
-1.46082e+39
-1.46082e+39
-1.46082e+39
-1.46082e+39
-1.46082e+39
-1.46082e+39
1241.26
-1.46082e+39
-1.46082e+39
-1.46082e+39
-7.30412e+38
815.184
1193.68
-1.46082e+39
-1.46082e+39
-7.30412e+38
-1.46082e+39
-7.30412e+38
-9.26801e+192
-1.46082e+39
-1.46082e+39
-1.46082e+39
1179.78
-1.46082e+39
-1.46082e+39
-1.46082e+39
-1.46082e+39
-1.46082e+39
-1.46082e+39
-1.46082e+39
1139.49
-7.30412e+38
-1.46082e+39
1196.8
-1.46082e+39
-1.46082e+39
-1.46082e+39
851.508
1130.09
1141.18
-1.46082e+39
-1.46082e+39
-1.46082e+39
-1.46082e+39
-7.30412e+38
-1.46082e+39
-1.46082e+39
-1.46082e+39
-1.46082e+39
-1.46082e+39
-1.46082e+39
-1.46082e+39
-7.30412e+38
-1.46082e+39
-1.46082e+39
-1.46082e+39
-1.46082e+39
-7.30412e+38
-1.46082e+39
-1.46082e+39
-1.46082e+39
-1.46082e+39
-7.30412e+38
772.423
-1.46082e+39
-1.46082e+39
1113.76
-1.46082e+39
-1.46082e+39
-1.46082e+39
-1.46082e+39
-1.46082e+39
-7.30412e+38
-1.46082e+39
-1.46082e+39
-1.46082e+39
1207.28
-1.46082e+39
-1.46082e+39
-1.46082e+39
-1.46082e+39
1141
-7.30412e+38
-1.46082e+39
-7.30412e+38
-1.46082e+39
-1.46082e+39
-1.46082e+39
-1.46082e+39
1091.05
-1.46082e+39
-1.46082e+39
-1.46082e+39
-1.46082e+39
-7.30412e+38
983.064
-1.46082e+39
-1.46082e+39
-1.46082e+39
-1.46082e+39
-7.30412e+38
-7.30412e+38
-1.46082e+39
-1.46082e+39
-1.46082e+39
-1.46082e+39
-1.46082e+39
-1.46082e+39
-1.46082e+39
1042.65
-1.46082e+39
653.79
-1.46082e+39
-1.46082e+39
-1.46082e+39
-1.46082e+39
-1.46082e+39
616.293
-1.46082e+39
-1.46082e+39
-1.46082e+39
-1.46082e+39
826.39
-1.46082e+39
-1.46082e+39
720.461
-1.46082e+39
-1.46082e+39
-1.46082e+39
-1.46082e+39
-1.46082e+39
-1.46082e+39
-7.30412e+38
-1.46082e+39
-1.46082e+39
-7.30412e+38
-1.46082e+39
-1.46082e+39
-1.46082e+39
-1.46082e+39
-1.46082e+39
-1.46082e+39
-1.46082e+39
-7.30412e+38
-1.46082e+39
-1.46082e+39
-7.30412e+38
-1.46082e+39
-7.30412e+38
-1.46082e+39
-1.46082e+39
-1.46082e+39
-1.46082e+39
-1.46082e+39
-1.46082e+39
-1.46082e+39
-1.46082e+39
-1.46082e+39
1219.06
-1.46082e+39
1172.89
-7.30412e+38
1168.98
-1.46082e+39
-7.30412e+38
-7.30412e+38
-1.46082e+39
543.01
-7.30412e+38
-1.46082e+39
-1.46082e+39
-1.46082e+39
-7.30412e+38
-1.46082e+39
-1.46082e+39
-1.46082e+39
-1.46082e+39
-1.46082e+39
-1.46082e+39
-7.30412e+38
-1.46082e+39
-1.46082e+39
-1.46082e+39
-1.46082e+39
-1.46082e+39
-7.30412e+38
-1.46082e+39
-1.46082e+39
-1.46082e+39
-7.30412e+38
-1.46082e+39
-1.46082e+39
1224.71
-1.46082e+39
-7.30412e+38
-1.46082e+39
1214.59
-1.46082e+39
-1.46082e+39
-1.46082e+39
-1.46082e+39
-1.46082e+39
-7.30412e+38
-1.46082e+39
-1.46082e+39
-1.46082e+39
-7.30412e+38
1215.58
-1.46082e+39
-1.46082e+39
-7.30412e+38
-1.46082e+39
-1.46082e+39
-7.30412e+38
-1.46082e+39
-1.46082e+39
-1.46082e+39
-1.46082e+39
-1.46082e+39
-1.46082e+39
-1.46082e+39
-1.46082e+39
-1.46082e+39
-1.46082e+39
-1.46082e+39
-1.46082e+39
181.894
-1.46082e+39
-7.30412e+38
-1.46082e+39
-7.30412e+38
-1.46082e+39
-1.46082e+39
-1.46082e+39
-1.46082e+39
-7.30412e+38
-1.46082e+39
-1.46082e+39
-1.46082e+39
-1.46082e+39
1018.11
-1.46082e+39
-1.46082e+39
-1.46082e+39
-1.46082e+39
-1.46082e+39
1128.39
1099.54
-1.46082e+39
-1.46082e+39
-1.46082e+39
-1.46082e+39
-7.30412e+38
-1.46082e+39
-1.46082e+39
-7.30412e+38
-1.46082e+39
-1.46082e+39
-1.46082e+39
-1.46082e+39
-1.46082e+39
-1.46082e+39
-1.46082e+39
-1.46082e+39
-7.30412e+38
605.876
-1.46082e+39
1157.6
-1.46082e+39
-1.46082e+39
-1.46082e+39
-1.46082e+39
-1.46082e+39
1117.74
-1.46082e+39
-1.46082e+39
-1.46082e+39
-1.46082e+39
972.701
-1.46082e+39
548.71
-1.46082e+39
427.579
-1.46082e+39
-7.30412e+38
-1.46082e+39
682.29
743.75
-1.46082e+39
-1.46082e+39
-1.46082e+39
-7.30412e+38
-7.30412e+38
-1.46082e+39
-1.46082e+39
-7.30412e+38
-1.46082e+39
-1.46082e+39
-1.46082e+39
1071.34
-1.46082e+39
956.685
-1.46082e+39
-1.46082e+39
-1.46082e+39
-1.46082e+39
821.613
-1.46082e+39
-1.46082e+39
1010.36
-1.46082e+39
1214.32
-1.46082e+39
-7.30412e+38
-1.46082e+39
-1.46082e+39
-1.46082e+39
-1.46082e+39
-1.46082e+39
-1.46082e+39
-1.46082e+39
-7.30412e+38
-1.46082e+39
-1.46082e+39
-1.46082e+39
1238.19
-7.30412e+38
-1.46082e+39
-1.46082e+39
-7.30412e+38
-1.46082e+39
-1.46082e+39
-1.46082e+39
-1.46082e+39
-1.46082e+39
-1.46082e+39
-1.46082e+39
-1.46082e+39
-1.46082e+39
-7.30412e+38
-1.46082e+39
-1.46082e+39
-1.46082e+39
-1.46082e+39
-1.46082e+39
1106.56
-1.46082e+39
-1.46082e+39
-7.30412e+38
-1.46082e+39
-1.46082e+39
-1.46082e+39
-1.46082e+39
-1.46082e+39
-1.46082e+39
-9.26801e+192
-1.46082e+39
-7.30412e+38
-1.46082e+39
-1.46082e+39
-1.46082e+39
-1.46082e+39
-1.46082e+39
-1.46082e+39
-1.46082e+39
-1.46082e+39
-1.46082e+39
-1.46082e+39
-1.46082e+39
-1.46082e+39
-1.46082e+39
-1.46082e+39
-1.46082e+39
-1.46082e+39
-1.46082e+39
-7.30412e+38
-1.46082e+39
-1.46082e+39
-1.46082e+39
-1.46082e+39
930.256
-1.46082e+39
-1.46082e+39
-1.46082e+39
1094.22
-1.46082e+39
-7.30412e+38
-1.46082e+39
-1.46082e+39
-1.46082e+39
1169.9
-1.46082e+39
-1.46082e+39
-1.46082e+39
-1.46082e+39
-1.46082e+39
-1.46082e+39
1126.23
-1.46082e+39
-1.46082e+39
-1.46082e+39
-1.46082e+39
-7.30412e+38
-1.46082e+39
-1.46082e+39
-1.46082e+39
-7.30412e+38
-1.46082e+39
-1.46082e+39
-1.46082e+39
-1.46082e+39
-1.46082e+39
-1.46082e+39
-1.46082e+39
-1.46082e+39
-1.46082e+39
-1.46082e+39
-1.46082e+39
-1.46082e+39
-1.46082e+39
-1.46082e+39
-1.46082e+39
-1.46082e+39
-1.46082e+39
-1.46082e+39
-1.46082e+39
-1.46082e+39
-1.46082e+39
-1.46082e+39
-7.30412e+38
-7.30412e+38
-1.46082e+39
-1.46082e+39
-1.46082e+39
-1.46082e+39
-1.46082e+39
-1.46082e+39
-1.46082e+39
1177.64
-1.46082e+39
-1.46082e+39
-1.46082e+39
-1.46082e+39
1079.27
-1.46082e+39
-1.46082e+39
-1.46082e+39
-1.46082e+39
1195.93
-1.46082e+39
-1.46082e+39
-1.46082e+39
-1.46082e+39
1213.03
-1.46082e+39
-1.46082e+39
-1.46082e+39
-1.46082e+39
-1.46082e+39
-1.46082e+39
-1.46082e+39
-1.46082e+39
-1.46082e+39
-7.30412e+38
780.572
-1.46082e+39
-1.46082e+39
-1.46082e+39
-7.30412e+38
-1.46082e+39
-1.46082e+39
-1.46082e+39
-1.46082e+39
-1.46082e+39
-1.46082e+39
929.607
-1.46082e+39
-1.46082e+39
745.605
-1.46082e+39
-1.46082e+39
-1.46082e+39
-1.46082e+39
-1.46082e+39
-7.30412e+38
-1.46082e+39
-1.46082e+39
-1.46082e+39
-1.46082e+39
-1.46082e+39
-1.46082e+39
-7.30412e+38
-7.30412e+38
-7.30412e+38
-1.46082e+39
-1.46082e+39
-1.46082e+39
-1.46082e+39
-7.30412e+38
-1.46082e+39
-1.46082e+39
-1.46082e+39
-1.46082e+39
-1.46082e+39
-1.46082e+39
1120.22
-1.46082e+39
-1.46082e+39
-7.30412e+38
-1.46082e+39
-1.46082e+39
-1.46082e+39
-1.46082e+39
-1.46082e+39
-1.46082e+39
-1.46082e+39
-1.46082e+39
-7.30412e+38
-1.46082e+39
-7.30412e+38
-1.46082e+39
1067.08
-1.46082e+39
-1.46082e+39
1178.62
-1.46082e+39
-1.46082e+39
-7.30412e+38
-7.30412e+38
-1.46082e+39
1177.17
-1.46082e+39
-1.46082e+39
-1.46082e+39
-1.46082e+39
-1.46082e+39
-1.46082e+39
-1.46082e+39
-7.30412e+38
-1.46082e+39
-1.46082e+39
-1.46082e+39
621.831
-1.46082e+39
700.451
-1.46082e+39
881.962
1105.49
-1.46082e+39
-1.46082e+39
-1.46082e+39
-1.46082e+39
-1.46082e+39
-1.46082e+39
-1.46082e+39
-1.46082e+39
-1.46082e+39
-1.46082e+39
1209.79
-1.46082e+39
-1.46082e+39
-1.46082e+39
-1.46082e+39
-1.46082e+39
-1.46082e+39
-1.46082e+39
-1.46082e+39
-1.46082e+39
-1.46082e+39
-1.46082e+39
-1.46082e+39
-7.30412e+38
-1.46082e+39
-7.30412e+38
-1.46082e+39
-1.46082e+39
-1.46082e+39
1209.44
-1.46082e+39
-1.46082e+39
-1.46082e+39
-1.46082e+39
1032.8
-1.46082e+39
-1.46082e+39
-1.46082e+39
-1.46082e+39
-1.46082e+39
-1.46082e+39
1191.34
1098.98
-1.46082e+39
-1.46082e+39
-1.46082e+39
-7.30412e+38
-1.46082e+39
-1.46082e+39
-7.30412e+38
-7.30412e+38
-1.46082e+39
-1.46082e+39
-7.30412e+38
-1.46082e+39
-1.46082e+39
-1.46082e+39
-1.46082e+39
-1.46082e+39
-1.46082e+39
-1.46082e+39
-1.46082e+39
-1.46082e+39
-1.46082e+39
-1.46082e+39
-1.46082e+39
-7.30412e+38
-1.46082e+39
-1.46082e+39
-1.46082e+39
-1.46082e+39
-1.46082e+39
-1.46082e+39
-1.46082e+39
-7.30412e+38
-1.46082e+39
-1.46082e+39
-1.46082e+39
-7.30412e+38
-1.46082e+39
-1.46082e+39
-1.46082e+39
-7.30412e+38
-1.46082e+39
-1.46082e+39
-1.46082e+39
-1.46082e+39
1035.89
-1.46082e+39
-1.46082e+39
1071.43
-1.46082e+39
-1.46082e+39
-1.46082e+39
-1.46082e+39
-7.30412e+38
-7.30412e+38
-7.30412e+38
-1.46082e+39
996.123
-1.46082e+39
1107.74
-7.30412e+38
-1.46082e+39
-1.46082e+39
-1.46082e+39
-1.46082e+39
1048.51
-1.46082e+39
-1.46082e+39
-1.46082e+39
-7.30412e+38
-1.46082e+39
-7.30412e+38
-1.46082e+39
-1.46082e+39
-1.46082e+39
-1.46082e+39
-1.46082e+39
1115.67
-7.30412e+38
-7.30412e+38
-1.46082e+39
-1.46082e+39
-7.30412e+38
-1.46082e+39
-1.46082e+39
-1.46082e+39
-1.46082e+39
-1.46082e+39
-7.30412e+38
-1.46082e+39
862.563
1152.56
-1.46082e+39
-1.46082e+39
-1.46082e+39
-1.46082e+39
-1.46082e+39
-1.46082e+39
-1.46082e+39
-1.46082e+39
-1.46082e+39
-7.30412e+38
-1.46082e+39
1055.46
-1.46082e+39
-1.46082e+39
-1.46082e+39
-1.46082e+39
-1.46082e+39
-7.30412e+38
-1.46082e+39
1114.2
-1.46082e+39
1128.55
-7.30412e+38
-1.46082e+39
-1.46082e+39
-1.46082e+39
-1.46082e+39
1118.14
-1.46082e+39
-1.46082e+39
-1.46082e+39
-1.46082e+39
-7.30412e+38
-7.30412e+38
-1.46082e+39
953.536
927.092
-1.46082e+39
-7.30412e+38
-1.46082e+39
380.152
-1.46082e+39
547.184
-1.46082e+39
-1.46082e+39
-1.46082e+39
-1.46082e+39
834.903
-1.46082e+39
-1.46082e+39
-1.46082e+39
-7.30412e+38
-1.46082e+39
-1.46082e+39
-7.30412e+38
-1.46082e+39
799.24
-1.46082e+39
-1.46082e+39
-1.46082e+39
-1.46082e+39
-1.46082e+39
-1.46082e+39
-1.46082e+39
-1.46082e+39
-1.46082e+39
-7.30412e+38
1042.6
1201.54
-7.30412e+38
-1.46082e+39
-1.46082e+39
-7.30412e+38
-1.46082e+39
-1.46082e+39
-7.30412e+38
-1.46082e+39
-7.30412e+38
-7.30412e+38
-1.46082e+39
-1.46082e+39
-7.30412e+38
-1.46082e+39
-1.46082e+39
-1.46082e+39
-1.46082e+39
-1.46082e+39
-1.46082e+39
-1.46082e+39
-1.46082e+39
-1.46082e+39
-1.46082e+39
-1.46082e+39
-1.46082e+39
-1.46082e+39
-1.46082e+39
-1.46082e+39
-7.30412e+38
-1.46082e+39
-1.46082e+39
-1.46082e+39
-1.46082e+39
-1.46082e+39
-1.46082e+39
-1.46082e+39
-7.30412e+38
-1.46082e+39
-1.46082e+39
-1.46082e+39
-1.46082e+39
-7.30412e+38
-1.46082e+39
-1.46082e+39
982.043
-7.30412e+38
-1.46082e+39
873.087
-1.46082e+39
-7.30412e+38
-1.46082e+39
-1.46082e+39
1085.31
-1.46082e+39
1051.96
-1.46082e+39
-1.46082e+39
-7.30412e+38
-1.46082e+39
-7.30412e+38
-1.46082e+39
-1.46082e+39
-1.46082e+39
-1.46082e+39
-1.46082e+39
1086.8
-1.46082e+39
-1.46082e+39
-1.46082e+39
-1.46082e+39
-7.30412e+38
1017.91
-1.46082e+39
-1.46082e+39
-1.46082e+39
-1.46082e+39
-1.46082e+39
-1.46082e+39
-1.46082e+39
-1.46082e+39
-1.46082e+39
-1.46082e+39
-1.46082e+39
-1.46082e+39
824.142
-7.30412e+38
-7.30412e+38
-1.46082e+39
-1.46082e+39
-1.46082e+39
-7.30412e+38
-7.30412e+38
-1.46082e+39
-1.46082e+39
501.577
-1.46082e+39
-1.46082e+39
-1.46082e+39
-1.46082e+39
-1.46082e+39
-1.46082e+39
1028.18
1198.99
1094.27
1115.8
-1.46082e+39
-1.46082e+39
-1.46082e+39
-1.46082e+39
-1.46082e+39
-1.46082e+39
-1.46082e+39
-1.46082e+39
-1.46082e+39
-1.46082e+39
-1.46082e+39
1199.84
-1.46082e+39
-1.46082e+39
-1.46082e+39
-1.46082e+39
1050.64
-1.46082e+39
-1.46082e+39
1198.65
-1.46082e+39
-1.46082e+39
-7.30412e+38
-1.46082e+39
-1.46082e+39
-1.46082e+39
-7.30412e+38
-7.30412e+38
-1.46082e+39
-1.46082e+39
-1.46082e+39
-7.30412e+38
-7.30412e+38
-1.46082e+39
-1.46082e+39
-1.46082e+39
-1.46082e+39
-1.46082e+39
-1.46082e+39
1201.55
-1.46082e+39
-7.30412e+38
-1.46082e+39
-1.46082e+39
-1.46082e+39
-1.46082e+39
-1.46082e+39
-1.46082e+39
-1.46082e+39
507.734
-1.46082e+39
-1.46082e+39
-1.46082e+39
-1.46082e+39
-1.46082e+39
-7.30412e+38
-1.46082e+39
-1.46082e+39
-7.30412e+38
-1.46082e+39
-1.46082e+39
-1.46082e+39
-1.46082e+39
-1.46082e+39
-1.46082e+39
-1.46082e+39
-1.46082e+39
-1.46082e+39
1216.81
-7.30412e+38
-1.46082e+39
-1.46082e+39
-1.46082e+39
-1.46082e+39
1077.67
-7.30412e+38
-1.46082e+39
-1.46082e+39
-7.30412e+38
-7.30412e+38
-1.46082e+39
-1.46082e+39
-1.46082e+39
-7.30412e+38
-1.46082e+39
-1.46082e+39
-1.46082e+39
-1.46082e+39
943.221
993.623
-1.46082e+39
-7.30412e+38
-1.46082e+39
1148.3
-1.46082e+39
-1.46082e+39
-1.46082e+39
-1.46082e+39
-7.30412e+38
1167.8
-1.46082e+39
-1.46082e+39
1121.78
-1.46082e+39
-1.46082e+39
-1.46082e+39
1209.1
-1.46082e+39
-1.46082e+39
-1.46082e+39
-1.46082e+39
-1.46082e+39
-1.46082e+39
-1.46082e+39
-1.46082e+39
-1.46082e+39
-1.46082e+39
-1.46082e+39
-1.46082e+39
-1.46082e+39
-1.46082e+39
1038.48
-1.46082e+39
-1.46082e+39
-1.46082e+39
-1.46082e+39
-1.46082e+39
-1.46082e+39
-1.46082e+39
-1.46082e+39
-1.46082e+39
-1.46082e+39
-1.46082e+39
-1.46082e+39
-1.46082e+39
-1.46082e+39
1226.2
-1.46082e+39
-1.46082e+39
-1.46082e+39
-1.46082e+39
-1.46082e+39
-7.30412e+38
-1.46082e+39
-1.46082e+39
-1.46082e+39
-1.46082e+39
-1.46082e+39
-1.46082e+39
-1.46082e+39
-1.46082e+39
-1.46082e+39
995.215
-7.30412e+38
-1.46082e+39
-1.46082e+39
-1.46082e+39
-1.46082e+39
-1.46082e+39
-1.46082e+39
-7.30412e+38
-1.46082e+39
-7.30412e+38
-1.46082e+39
-1.46082e+39
-7.30412e+38
-1.46082e+39
-1.46082e+39
-1.46082e+39
-1.46082e+39
-1.46082e+39
651.199
-1.46082e+39
-1.46082e+39
-1.46082e+39
-7.30412e+38
-1.46082e+39
-7.30412e+38
-1.46082e+39
-1.46082e+39
-1.46082e+39
-1.46082e+39
-7.30412e+38
-7.30412e+38
-1.46082e+39
-1.46082e+39
968.935
-1.46082e+39
-1.46082e+39
697.942
-1.46082e+39
-1.46082e+39
-1.46082e+39
1100.14
1119.17
-1.46082e+39
-1.46082e+39
-7.30412e+38
-1.46082e+39
1077.43
-7.30412e+38
-7.30412e+38
1016.76
-7.30412e+38
-1.46082e+39
-1.46082e+39
-1.46082e+39
-1.46082e+39
-1.46082e+39
-1.46082e+39
-1.46082e+39
-7.30412e+38
-1.46082e+39
-1.46082e+39
-1.46082e+39
1192.24
-7.30412e+38
-1.46082e+39
-7.30412e+38
-1.46082e+39
-1.46082e+39
-7.30412e+38
-7.30412e+38
-1.46082e+39
-1.46082e+39
-7.30412e+38
-1.46082e+39
-1.46082e+39
-7.30412e+38
-1.46082e+39
1201.48
-1.46082e+39
-7.30412e+38
-7.30412e+38
-1.46082e+39
-1.46082e+39
892.497
860.136
-1.46082e+39
-7.30412e+38
-1.46082e+39
-1.46082e+39
968.738
-1.46082e+39
-1.46082e+39
1195.81
-7.30412e+38
-1.46082e+39
780.004
-1.46082e+39
-1.46082e+39
-7.30412e+38
-7.30412e+38
-1.46082e+39
-1.46082e+39
-7.30412e+38
-1.46082e+39
-1.46082e+39
-1.46082e+39
-7.30412e+38
-1.46082e+39
-1.46082e+39
-7.30412e+38
-1.46082e+39
-1.46082e+39
-7.30412e+38
-1.46082e+39
-1.46082e+39
-1.46082e+39
-7.30412e+38
-7.30412e+38
-1.46082e+39
-1.46082e+39
-1.46082e+39
-1.46082e+39
-1.46082e+39
1194.73
-1.46082e+39
-1.46082e+39
-7.30412e+38
-1.46082e+39
-1.46082e+39
-1.46082e+39
-1.46082e+39
1153.87
-1.46082e+39
-7.30412e+38
-1.46082e+39
-1.46082e+39
-1.46082e+39
-1.46082e+39
-1.46082e+39
-1.46082e+39
-7.30412e+38
-7.30412e+38
-7.30412e+38
-1.46082e+39
1133.62
-1.46082e+39
1168.56
1161.18
957.646
-1.46082e+39
-1.46082e+39
-1.46082e+39
-1.46082e+39
-7.30412e+38
-1.46082e+39
-1.46082e+39
-7.30412e+38
-7.30412e+38
1007.77
1071.29
-1.46082e+39
-1.46082e+39
-1.46082e+39
-1.46082e+39
-1.46082e+39
-7.30412e+38
-1.46082e+39
-1.46082e+39
813.012
-7.30412e+38
-1.46082e+39
-1.46082e+39
-1.46082e+39
-1.46082e+39
-1.46082e+39
-1.46082e+39
-1.46082e+39
-1.46082e+39
-7.30412e+38
-1.46082e+39
952.777
-1.46082e+39
-7.30412e+38
-1.46082e+39
-7.30412e+38
-1.46082e+39
-1.46082e+39
1051.4
-1.46082e+39
-7.30412e+38
-1.46082e+39
1070.34
-1.46082e+39
-7.30412e+38
-1.46082e+39
-1.46082e+39
-1.46082e+39
-7.30412e+38
-1.46082e+39
-1.46082e+39
-7.30412e+38
-1.46082e+39
-1.46082e+39
-7.30412e+38
-1.46082e+39
1033.16
-7.30412e+38
-1.46082e+39
-1.46082e+39
-1.46082e+39
-1.46082e+39
-7.30412e+38
1151.74
-1.46082e+39
-1.46082e+39
960.683
-7.30412e+38
-1.46082e+39
-1.46082e+39
-1.46082e+39
-7.30412e+38
-1.46082e+39
-7.30412e+38
-1.46082e+39
-1.46082e+39
-1.46082e+39
-1.46082e+39
-7.30412e+38
1208.53
-7.30412e+38
-1.46082e+39
-1.46082e+39
-1.46082e+39
-1.46082e+39
-1.46082e+39
-1.46082e+39
-1.46082e+39
-1.46082e+39
-7.30412e+38
1210.78
-1.46082e+39
-1.46082e+39
-7.30412e+38
-1.46082e+39
-7.30412e+38
-1.46082e+39
-7.30412e+38
-1.46082e+39
-1.46082e+39
-7.30412e+38
-7.30412e+38
-7.30412e+38
-7.30412e+38
-1.46082e+39
934.311
-7.30412e+38
-1.46082e+39
-1.46082e+39
1167.07
-1.46082e+39
-1.46082e+39
-7.30412e+38
-7.30412e+38
-1.46082e+39
-1.46082e+39
-1.46082e+39
-1.46082e+39
-1.46082e+39
-1.46082e+39
1043.66
-1.46082e+39
-7.30412e+38
-1.46082e+39
864.036
-1.46082e+39
-1.46082e+39
-7.30412e+38
-1.46082e+39
-1.46082e+39
-7.30412e+38
-1.46082e+39
-1.46082e+39
-1.46082e+39
962.989
-1.46082e+39
-1.46082e+39
-1.46082e+39
-1.46082e+39
1042.6
-7.30412e+38
872.148
-1.46082e+39
-1.46082e+39
-1.46082e+39
1069.93
-1.46082e+39
-1.46082e+39
-7.30412e+38
-1.46082e+39
-7.30412e+38
-1.46082e+39
-1.46082e+39
-1.46082e+39
-1.46082e+39
-1.46082e+39
997.276
-1.46082e+39
-1.46082e+39
-1.46082e+39
-1.46082e+39
-7.30412e+38
-7.30412e+38
-1.46082e+39
-7.30412e+38
-1.46082e+39
-1.46082e+39
-1.46082e+39
-7.30412e+38
1086.86
-1.46082e+39
-7.30412e+38
-7.30412e+38
830.582
-1.46082e+39
-1.46082e+39
-7.30412e+38
-7.30412e+38
-1.46082e+39
-7.30412e+38
-1.46082e+39
-7.30412e+38
-1.46082e+39
-1.46082e+39
-1.46082e+39
-1.46082e+39
-1.46082e+39
-1.46082e+39
-1.46082e+39
-7.30412e+38
-7.30412e+38
1189.82
-1.46082e+39
-1.46082e+39
-1.46082e+39
-7.30412e+38
675.987
-1.46082e+39
-7.30412e+38
-1.46082e+39
-7.30412e+38
-1.46082e+39
-7.30412e+38
-1.46082e+39
-1.46082e+39
1184.34
-1.46082e+39
1009.46
-1.46082e+39
425.624
-7.30412e+38
1049.99
-1.46082e+39
-1.46082e+39
850.136
913.95
-1.46082e+39
923.973
-1.46082e+39
-1.46082e+39
-7.30412e+38
-7.30412e+38
-7.30412e+38
-7.30412e+38
-1.46082e+39
-1.46082e+39
-1.46082e+39
-1.46082e+39
-1.46082e+39
-7.30412e+38
-7.30412e+38
-7.30412e+38
-1.46082e+39
-1.46082e+39
-7.30412e+38
-1.46082e+39
-7.30412e+38
-1.46082e+39
-7.30412e+38
-1.46082e+39
-1.46082e+39
-1.46082e+39
-7.30412e+38
-7.30412e+38
846.473
-1.46082e+39
-1.46082e+39
-1.46082e+39
-1.46082e+39
-1.46082e+39
-1.46082e+39
-1.46082e+39
-1.46082e+39
-1.46082e+39
-1.46082e+39
-1.46082e+39
863.134
-1.46082e+39
-1.46082e+39
-1.46082e+39
-7.30412e+38
-7.30412e+38
1198.53
-1.46082e+39
-1.46082e+39
-1.46082e+39
-1.46082e+39
-1.46082e+39
-1.46082e+39
-1.46082e+39
-1.46082e+39
-1.46082e+39
-7.30412e+38
-1.46082e+39
-1.46082e+39
1062.24
-1.46082e+39
-1.46082e+39
-1.46082e+39
-1.46082e+39
-7.30412e+38
-1.46082e+39
-1.46082e+39
-1.46082e+39
-1.46082e+39
-7.30412e+38
-1.46082e+39
-1.46082e+39
-7.30412e+38
-7.30412e+38
-1.46082e+39
1158
-7.30412e+38
-1.46082e+39
-7.30412e+38
1071.58
-1.46082e+39
-7.30412e+38
-1.46082e+39
975.75
-1.46082e+39
-7.30412e+38
-1.46082e+39
-1.46082e+39
-1.46082e+39
-1.46082e+39
-7.30412e+38
-1.46082e+39
930.674
-1.46082e+39
-7.30412e+38
-1.46082e+39
-1.46082e+39
-1.46082e+39
-7.30412e+38
-7.30412e+38
-1.46082e+39
-7.30412e+38
-1.46082e+39
-1.46082e+39
-1.46082e+39
-1.46082e+39
-1.46082e+39
-7.30412e+38
-1.46082e+39
676.321
-1.46082e+39
-1.46082e+39
-7.30412e+38
-1.46082e+39
-7.30412e+38
-1.46082e+39
-7.30412e+38
-1.46082e+39
1214.14
-7.30412e+38
-1.46082e+39
-1.46082e+39
-1.46082e+39
-1.46082e+39
-1.46082e+39
-1.46082e+39
-1.46082e+39
-1.46082e+39
-1.46082e+39
1033.45
-1.46082e+39
-1.46082e+39
-1.46082e+39
-1.46082e+39
-1.46082e+39
-1.46082e+39
-7.30412e+38
-7.30412e+38
-1.46082e+39
-1.46082e+39
-1.46082e+39
-1.46082e+39
868.083
-1.46082e+39
595.441
-7.30412e+38
-1.46082e+39
-1.46082e+39
-1.46082e+39
-1.46082e+39
-1.46082e+39
1151.06
-1.46082e+39
-7.30412e+38
1158
-1.46082e+39
-1.46082e+39
1227.29
-1.46082e+39
-7.30412e+38
-1.46082e+39
-7.30412e+38
770.547
-1.46082e+39
-1.46082e+39
-1.46082e+39
-1.46082e+39
-1.46082e+39
-7.30412e+38
-1.46082e+39
-1.46082e+39
-1.46082e+39
-7.30412e+38
1152.12
-7.30412e+38
-7.30412e+38
-1.46082e+39
-7.30412e+38
-1.46082e+39
-1.46082e+39
-1.46082e+39
-1.46082e+39
-1.46082e+39
-1.46082e+39
-7.30412e+38
-7.30412e+38
-1.46082e+39
-1.46082e+39
-1.46082e+39
-1.46082e+39
-7.30412e+38
-1.46082e+39
-1.46082e+39
-7.30412e+38
1241.36
-1.46082e+39
-1.46082e+39
1108.94
-1.46082e+39
-7.30412e+38
-1.46082e+39
1102.39
-1.46082e+39
-1.46082e+39
-1.46082e+39
-7.30412e+38
-7.30412e+38
-1.46082e+39
-7.30412e+38
-1.46082e+39
-7.30412e+38
-7.30412e+38
-7.30412e+38
-1.46082e+39
-1.46082e+39
-1.46082e+39
-1.46082e+39
-1.46082e+39
-7.30412e+38
-1.46082e+39
-1.46082e+39
-7.30412e+38
-7.30412e+38
-1.46082e+39
-1.46082e+39
-1.46082e+39
-7.30412e+38
990.976
-1.46082e+39
-1.46082e+39
-1.46082e+39
-1.46082e+39
-1.46082e+39
-1.46082e+39
-7.30412e+38
-1.46082e+39
-1.46082e+39
-7.30412e+38
-1.46082e+39
-1.46082e+39
-1.46082e+39
-1.46082e+39
-1.46082e+39
-1.46082e+39
-7.30412e+38
-7.30412e+38
-1.46082e+39
-7.30412e+38
-7.30412e+38
-7.30412e+38
-7.30412e+38
-1.46082e+39
-1.46082e+39
-1.46082e+39
-1.46082e+39
1182.55
-1.46082e+39
-1.46082e+39
-1.46082e+39
-1.46082e+39
-1.46082e+39
-1.46082e+39
-7.30412e+38
-1.46082e+39
-7.30412e+38
-7.30412e+38
-1.46082e+39
-1.46082e+39
1150.78
893.9
-7.30412e+38
-7.30412e+38
-1.46082e+39
-7.30412e+38
-7.30412e+38
-1.46082e+39
-1.46082e+39
-7.30412e+38
-1.46082e+39
-7.30412e+38
-1.46082e+39
-1.46082e+39
860.411
-1.46082e+39
-1.46082e+39
-7.30412e+38
-1.46082e+39
-1.46082e+39
1182.81
-1.46082e+39
-7.30412e+38
-1.46082e+39
-1.46082e+39
-1.46082e+39
-7.30412e+38
-7.30412e+38
-1.46082e+39
-7.30412e+38
825.587
-1.46082e+39
-7.30412e+38
928.348
-7.30412e+38
294.354
-1.46082e+39
-1.46082e+39
-7.30412e+38
-1.46082e+39
1032.21
-7.30412e+38
-7.30412e+38
-1.46082e+39
-7.30412e+38
-1.46082e+39
-7.30412e+38
-7.30412e+38
-1.46082e+39
-7.30412e+38
-1.46082e+39
-7.30412e+38
699.317
-1.46082e+39
-7.30412e+38
-1.46082e+39
-1.46082e+39
-1.46082e+39
-1.46082e+39
-7.30412e+38
1145.65
900.901
-1.46082e+39
-7.30412e+38
1018.23
-1.46082e+39
-1.46082e+39
-7.30412e+38
-1.46082e+39
-1.46082e+39
-1.46082e+39
-1.46082e+39
-7.30412e+38
-7.30412e+38
-1.46082e+39
-7.30412e+38
-1.46082e+39
-7.30412e+38
1053.41
-7.30412e+38
-1.46082e+39
-1.46082e+39
-1.46082e+39
-1.46082e+39
1222.44
-1.46082e+39
967.69
-1.46082e+39
-7.30412e+38
-1.46082e+39
-1.46082e+39
-1.46082e+39
-1.46082e+39
-7.30412e+38
-7.30412e+38
-7.30412e+38
1062.09
-7.30412e+38
-1.46082e+39
911.792
-7.30412e+38
-1.46082e+39
-1.46082e+39
957.503
-1.46082e+39
-1.46082e+39
-7.30412e+38
1188.34
-1.46082e+39
927.689
-1.46082e+39
-1.46082e+39
-7.30412e+38
1014.84
-1.46082e+39
-1.46082e+39
-7.30412e+38
793.529
753.002
-7.30412e+38
-1.46082e+39
-1.46082e+39
-1.46082e+39
-1.46082e+39
-1.46082e+39
-1.46082e+39
1014.46
-1.46082e+39
-7.30412e+38
-7.30412e+38
-1.46082e+39
-1.46082e+39
-1.46082e+39
-1.46082e+39
1070.66
1152.38
-1.46082e+39
343.088
-7.30412e+38
-1.46082e+39
-1.46082e+39
-1.46082e+39
-7.30412e+38
1079.77
1117.93
-7.30412e+38
-1.46082e+39
-7.30412e+38
-1.46082e+39
-1.46082e+39
-1.46082e+39
-1.46082e+39
-7.30412e+38
-7.30412e+38
-1.46082e+39
-1.46082e+39
-1.46082e+39
-1.46082e+39
-7.30412e+38
-1.46082e+39
-1.46082e+39
-1.46082e+39
-7.30412e+38
-7.30412e+38
-1.46082e+39
-1.46082e+39
-1.46082e+39
-1.46082e+39
-1.46082e+39
-7.30412e+38
-1.46082e+39
-1.46082e+39
-1.46082e+39
-7.30412e+38
-1.46082e+39
-1.46082e+39
-1.46082e+39
-7.30412e+38
1156.09
849.873
-1.46082e+39
1052.38
-1.46082e+39
-7.30412e+38
-7.30412e+38
906.444
-7.30412e+38
-1.46082e+39
-7.30412e+38
-1.46082e+39
1217.13
1161.61
-7.30412e+38
-7.30412e+38
-7.30412e+38
-1.46082e+39
-7.30412e+38
-1.46082e+39
-1.46082e+39
-1.46082e+39
-1.46082e+39
-1.46082e+39
1107.91
-1.46082e+39
-1.46082e+39
1125.35
-1.46082e+39
1188.21
-7.30412e+38
-1.46082e+39
-7.30412e+38
-1.46082e+39
1237.56
-1.46082e+39
-7.30412e+38
-7.30412e+38
-1.46082e+39
1002.55
-1.46082e+39
-7.30412e+38
-7.30412e+38
-1.46082e+39
667.949
-1.46082e+39
-7.30412e+38
-1.46082e+39
-1.46082e+39
1172.31
-1.46082e+39
1140.84
-1.46082e+39
-7.30412e+38
1140.93
-7.30412e+38
-7.30412e+38
-1.46082e+39
-7.30412e+38
-1.46082e+39
-1.46082e+39
-7.30412e+38
-1.46082e+39
-1.46082e+39
-7.30412e+38
520.724
-7.30412e+38
-7.30412e+38
-7.30412e+38
-1.46082e+39
-1.46082e+39
-1.46082e+39
-1.46082e+39
-1.46082e+39
-1.46082e+39
1078.42
-1.46082e+39
-7.30412e+38
-1.46082e+39
-1.46082e+39
-7.30412e+38
-7.30412e+38
-1.46082e+39
-1.46082e+39
835.001
952.679
-1.46082e+39
1146.72
-1.46082e+39
-7.30412e+38
1219.75
-1.46082e+39
-7.30412e+38
-7.30412e+38
-1.46082e+39
-1.46082e+39
-7.30412e+38
-1.46082e+39
-1.46082e+39
-1.46082e+39
-7.30412e+38
1115.42
-7.30412e+38
-7.30412e+38
417.575
1187.96
-7.30412e+38
-1.46082e+39
1236.57
1048.2
-7.30412e+38
-1.46082e+39
-1.46082e+39
923.255
-1.46082e+39
-1.46082e+39
-7.30412e+38
-1.46082e+39
-7.30412e+38
-1.46082e+39
1189.49
512.196
-1.46082e+39
-1.46082e+39
-7.30412e+38
-1.46082e+39
-1.46082e+39
-7.30412e+38
-7.30412e+38
-7.30412e+38
1185.46
-1.46082e+39
-1.46082e+39
-1.46082e+39
-1.46082e+39
-1.46082e+39
1184.69
-1.46082e+39
-7.30412e+38
1030.46
-7.30412e+38
1020.66
-1.46082e+39
1233.96
1188.91
-7.30412e+38
-7.30412e+38
-7.30412e+38
-7.30412e+38
-1.46082e+39
-1.46082e+39
-7.30412e+38
1034.44
-7.30412e+38
-7.30412e+38
-7.30412e+38
-7.30412e+38
1200.68
-7.30412e+38
-1.46082e+39
-7.30412e+38
-7.30412e+38
-1.46082e+39
-7.30412e+38
-1.46082e+39
-7.30412e+38
-7.30412e+38
-7.30412e+38
-1.46082e+39
-7.30412e+38
-7.30412e+38
-1.46082e+39
1120.51
-1.46082e+39
1009.95
-7.30412e+38
-1.46082e+39
-1.46082e+39
-7.30412e+38
-7.30412e+38
-7.30412e+38
927.614
-7.30412e+38
-7.30412e+38
-1.46082e+39
-1.46082e+39
-7.30412e+38
-7.30412e+38
-1.46082e+39
-7.30412e+38
-7.30412e+38
-7.30412e+38
-1.46082e+39
-7.30412e+38
-1.46082e+39
-7.30412e+38
-7.30412e+38
-7.30412e+38
-7.30412e+38
1140.08
-7.30412e+38
-7.30412e+38
-7.30412e+38
-7.30412e+38
892.154
-7.30412e+38
-1.46082e+39
-7.30412e+38
-1.46082e+39
-7.30412e+38
-1.46082e+39
-7.30412e+38
957.812
-7.30412e+38
-7.30412e+38
-7.30412e+38
-7.30412e+38
-7.30412e+38
-7.30412e+38
-7.30412e+38
-7.30412e+38
-7.30412e+38
-7.30412e+38
-7.30412e+38
-1.46082e+39
-7.30412e+38
-7.30412e+38
-7.30412e+38
-7.30412e+38
-7.30412e+38
-1.46082e+39
834.99
-7.30412e+38
-7.30412e+38
-7.30412e+38
-7.30412e+38
-1.46082e+39
1206.33
966.311
-7.30412e+38
-7.30412e+38
-7.30412e+38
-7.30412e+38
-7.30412e+38
-7.30412e+38
-7.30412e+38
-7.30412e+38
-7.30412e+38
-7.30412e+38
-7.30412e+38
943.156
-1.46082e+39
-7.30412e+38
-1.46082e+39
-1.46082e+39
-1.46082e+39
-7.30412e+38
-1.46082e+39
-7.30412e+38
-1.46082e+39
-1.46082e+39
-1.46082e+39
-7.30412e+38
-7.30412e+38
-1.46082e+39
-7.30412e+38
-7.30412e+38
-7.30412e+38
-7.30412e+38
-7.30412e+38
955.291
1237.51
-7.30412e+38
-7.30412e+38
-1.46082e+39
432.136
-7.30412e+38
895.711
903.346
1153.69
970.686
-7.30412e+38
-7.30412e+38
796.718
-7.30412e+38
-7.30412e+38
-7.30412e+38
-7.30412e+38
-7.30412e+38
-7.30412e+38
-1.46082e+39
-7.30412e+38
-7.30412e+38
-1.46082e+39
-7.30412e+38
-7.30412e+38
-7.30412e+38
828.91
-7.30412e+38
-7.30412e+38
-1.46082e+39
-7.30412e+38
-7.30412e+38
-7.30412e+38
-1.46082e+39
-7.30412e+38
-7.30412e+38
-7.30412e+38
-7.30412e+38
-1.46082e+39
-7.30412e+38
1090.29
-7.30412e+38
-7.30412e+38
-1.46082e+39
-1.46082e+39
-1.46082e+39
-7.30412e+38
-1.46082e+39
-7.30412e+38
-7.30412e+38
-7.30412e+38
-7.30412e+38
-1.46082e+39
-7.30412e+38
-7.30412e+38
-1.46082e+39
-1.46082e+39
-7.30412e+38
-7.30412e+38
-7.30412e+38
-7.30412e+38
-7.30412e+38
-7.30412e+38
-7.30412e+38
490.278
1027.34
857.603
1103.21
-1.46082e+39
-7.30412e+38
-7.30412e+38
-7.30412e+38
-7.30412e+38
-7.30412e+38
-1.46082e+39
-7.30412e+38
-1.46082e+39
-7.30412e+38
-7.30412e+38
-7.30412e+38
-1.46082e+39
-7.30412e+38
-7.30412e+38
-7.30412e+38
-7.30412e+38
-7.30412e+38
1181.64
-1.46082e+39
-7.30412e+38
-7.30412e+38
-7.30412e+38
-1.46082e+39
-7.30412e+38
-7.30412e+38
-7.30412e+38
-7.30412e+38
-7.30412e+38
1081.64
-7.30412e+38
-7.30412e+38
-1.46082e+39
-7.30412e+38
-1.46082e+39
-7.30412e+38
-7.30412e+38
-1.46082e+39
-7.30412e+38
-1.46082e+39
-1.46082e+39
-1.46082e+39
-1.46082e+39
1052.56
-7.30412e+38
1109.87
-7.30412e+38
-7.30412e+38
-7.30412e+38
-7.30412e+38
-7.30412e+38
-7.30412e+38
1153.91
-7.30412e+38
1124.87
-7.30412e+38
-1.46082e+39
-7.30412e+38
-7.30412e+38
1078.86
-7.30412e+38
-7.30412e+38
-7.30412e+38
-1.46082e+39
1210.74
-7.30412e+38
-7.30412e+38
-7.30412e+38
-7.30412e+38
-7.30412e+38
1093.96
-7.30412e+38
-7.30412e+38
-7.30412e+38
-1.46082e+39
1038.92
-1.46082e+39
1005.49
-1.46082e+39
-1.46082e+39
-7.30412e+38
-1.46082e+39
-1.46082e+39
-7.30412e+38
-7.30412e+38
-7.30412e+38
739.799
-7.30412e+38
-7.30412e+38
-1.46082e+39
-7.30412e+38
-7.30412e+38
-7.30412e+38
-7.30412e+38
564.054
-7.30412e+38
-7.30412e+38
-7.30412e+38
-7.30412e+38
-7.30412e+38
900.636
-7.30412e+38
-7.30412e+38
-7.30412e+38
-7.30412e+38
-7.30412e+38
-7.30412e+38
-1.46082e+39
-7.30412e+38
1126.51
1024.38
-1.46082e+39
-7.30412e+38
1205.58
-7.30412e+38
-7.30412e+38
-1.46082e+39
-7.30412e+38
-1.46082e+39
-7.30412e+38
1047.13
-7.30412e+38
-7.30412e+38
-7.30412e+38
-1.46082e+39
-1.46082e+39
-7.30412e+38
-7.30412e+38
-7.30412e+38
956.982
-7.30412e+38
-1.46082e+39
-7.30412e+38
-7.30412e+38
-7.30412e+38
-7.30412e+38
-7.30412e+38
-7.30412e+38
-7.30412e+38
-7.30412e+38
-7.30412e+38
-7.30412e+38
961.582
1219.34
-7.30412e+38
-7.30412e+38
-7.30412e+38
-7.30412e+38
-7.30412e+38
-7.30412e+38
-7.30412e+38
-7.30412e+38
-7.30412e+38
839.684
-7.30412e+38
1232.72
-7.30412e+38
-7.30412e+38
813.339
-7.30412e+38
-7.30412e+38
-7.30412e+38
-7.30412e+38
-7.30412e+38
-7.30412e+38
-1.46082e+39
-7.30412e+38
1143.3
1064.06
-7.30412e+38
-7.30412e+38
-7.30412e+38
-7.30412e+38
-7.30412e+38
-7.30412e+38
-7.30412e+38
-7.30412e+38
-7.30412e+38
801.575
-7.30412e+38
1240.32
-7.30412e+38
1201.67
-1.46082e+39
-7.30412e+38
-7.30412e+38
-7.30412e+38
-1.46082e+39
749.59
-7.30412e+38
-1.46082e+39
602.692
722.692
1157.92
-7.30412e+38
-1.46082e+39
-7.30412e+38
-1.46082e+39
-7.30412e+38
1216.56
-7.30412e+38
1102.46
1149.96
-7.30412e+38
-7.30412e+38
-7.30412e+38
-1.46082e+39
-7.30412e+38
1003.88
-7.30412e+38
-7.30412e+38
-7.30412e+38
-7.30412e+38
-7.30412e+38
-7.30412e+38
-7.30412e+38
-7.30412e+38
-7.30412e+38
-7.30412e+38
-1.46082e+39
-7.30412e+38
597.434
-7.30412e+38
-7.30412e+38
1074.44
751.089
-1.46082e+39
-7.30412e+38
-7.30412e+38
-7.30412e+38
-7.30412e+38
-7.30412e+38
-1.46082e+39
-7.30412e+38
-7.30412e+38
-1.46082e+39
-7.30412e+38
1209.57
1226.76
-7.30412e+38
-7.30412e+38
-7.30412e+38
1237.98
-7.30412e+38
-7.30412e+38
856.361
-7.30412e+38
971.601
-7.30412e+38
-1.46082e+39
-7.30412e+38
-7.30412e+38
-7.30412e+38
-7.30412e+38
-7.30412e+38
-7.30412e+38
-7.30412e+38
-7.30412e+38
-7.30412e+38
-7.30412e+38
-7.30412e+38
-7.30412e+38
-7.30412e+38
-7.30412e+38
-7.30412e+38
-7.30412e+38
-7.30412e+38
-7.30412e+38
1140.91
-7.30412e+38
-7.30412e+38
919.997
-1.46082e+39
-7.30412e+38
-7.30412e+38
-7.30412e+38
-7.30412e+38
-7.30412e+38
-7.30412e+38
-7.30412e+38
1153.9
-7.30412e+38
1214.9
-7.30412e+38
-7.30412e+38
-7.30412e+38
1097.8
-7.30412e+38
-7.30412e+38
-7.30412e+38
-7.30412e+38
-7.30412e+38
-7.30412e+38
-7.30412e+38
-7.30412e+38
-7.30412e+38
-1.46082e+39
-7.30412e+38
-7.30412e+38
1099.97
-7.30412e+38
-7.30412e+38
-7.30412e+38
1225.95
-7.30412e+38
-7.30412e+38
-7.30412e+38
-7.30412e+38
-7.30412e+38
-7.30412e+38
885.01
-7.30412e+38
-7.30412e+38
1144.57
-7.30412e+38
1050.24
990.484
-7.30412e+38
-7.30412e+38
-7.30412e+38
-7.30412e+38
1014.95
1238.26
-7.30412e+38
-1.46082e+39
1059.96
-7.30412e+38
-7.30412e+38
-7.30412e+38
-7.30412e+38
1067.83
-7.30412e+38
-7.30412e+38
-7.30412e+38
1058.94
1105.21
-7.30412e+38
1236.11
-7.30412e+38
-7.30412e+38
-7.30412e+38
-7.30412e+38
-7.30412e+38
-7.30412e+38
1173.71
-7.30412e+38
-7.30412e+38
-7.30412e+38
-7.30412e+38
-7.30412e+38
1110.57
-7.30412e+38
-7.30412e+38
-7.30412e+38
-7.30412e+38
1214.06
1067.73
-7.30412e+38
-7.30412e+38
-7.30412e+38
-7.30412e+38
-7.30412e+38
-7.30412e+38
-7.30412e+38
-7.30412e+38
1024.28
-7.30412e+38
-7.30412e+38
1200.35
1228.13
-7.30412e+38
1154.09
-7.30412e+38
-7.30412e+38
-7.30412e+38
-7.30412e+38
-7.30412e+38
-7.30412e+38
-7.30412e+38
-7.30412e+38
-7.30412e+38
-7.30412e+38
-7.30412e+38
-7.30412e+38
-7.30412e+38
-7.30412e+38
-7.30412e+38
-7.30412e+38
-7.30412e+38
-7.30412e+38
-7.30412e+38
-7.30412e+38
1009.8
-7.30412e+38
-7.30412e+38
-7.30412e+38
-7.30412e+38
-7.30412e+38
-7.30412e+38
-7.30412e+38
-7.30412e+38
-7.30412e+38
-7.30412e+38
-7.30412e+38
-7.30412e+38
1083.44
-7.30412e+38
-7.30412e+38
-7.30412e+38
1019.15
1030.09
-7.30412e+38
-7.30412e+38
-7.30412e+38
-7.30412e+38
-7.30412e+38
-7.30412e+38
-7.30412e+38
-7.30412e+38
-7.30412e+38
-7.30412e+38
-7.30412e+38
-7.30412e+38
-7.30412e+38
-7.30412e+38
-7.30412e+38
-7.30412e+38
-7.30412e+38
-7.30412e+38
-7.30412e+38
798.105
1202.16
1211.08
-7.30412e+38
-7.30412e+38
-7.30412e+38
-7.30412e+38
-7.30412e+38
1026.09
-7.30412e+38
-7.30412e+38
-7.30412e+38
-7.30412e+38
-7.30412e+38
1212.15
-7.30412e+38
-7.30412e+38
-7.30412e+38
1063.1
-7.30412e+38
-7.30412e+38
-7.30412e+38
-7.30412e+38
-1.46082e+39
-7.30412e+38
970.302
-7.30412e+38
-7.30412e+38
-7.30412e+38
1196.47
-1.46082e+39
-7.30412e+38
-1.46082e+39
-7.30412e+38
1150.02
-7.30412e+38
-7.30412e+38
-7.30412e+38
-7.30412e+38
-1.46082e+39
-7.30412e+38
1105.25
-7.30412e+38
1022.36
1132.31
-7.30412e+38
1097.36
-1.46082e+39
-7.30412e+38
-7.30412e+38
-7.30412e+38
-7.30412e+38
-7.30412e+38
-7.30412e+38
-7.30412e+38
-7.30412e+38
-7.30412e+38
-7.30412e+38
